ACTSVR	Seed	Goodput_Mbps	RTX_Count	QueueAvg_pkts	QueueMax_pkts
8	0	11.199696	1	4204800	3.003510	1.000076	4.003586	0.00839021	39
8	1	11.199696	1	4204800	3.003510	1.000076	4.003586	0.00855668	39
8	2	11.199696	1	4204800	3.003510	1.000076	4.003586	0.0084568	39
8	3	11.199696	1	4204800	3.003510	1.000076	4.003586	0.00732479	39
8	4	11.199983	1	4204800	3.003433	1.000076	4.003509	0.0096554	39
8	5	11.199696	1	4204800	3.003510	1.000076	4.003586	0.00945564	39
8	6	11.199700	1	4204800	3.003509	1.000076	4.003585	0.00732479	39
8	7	11.199696	1	4204800	3.003510	1.000076	4.003586	0.00858998	39
8	8	11.199696	1	4204800	3.003510	1.000076	4.003586	0.0096887	39
8	9	11.199696	1	4204800	3.003510	1.000076	4.003586	0.0110871	39
8	10	11.199696	1	4204800	3.003510	1.000076	4.003586	0.00755785	39
8	11	11.199696	1	4204800	3.003510	1.000076	4.003586	0.00825703	39
8	12	11.199696	1	4204800	3.003510	1.000076	4.003586	0.00955552	39
8	13	11.199696	1	4204800	3.003510	1.000076	4.003586	0.00948893	39
8	14	165.570196	1	4204800	0.203167	1.000076	1.203243	0.20128	39
8	15	11.199696	1	4204800	3.003510	1.000076	4.003586	0.00742467	39
8	16	11.199696	1	4204800	3.003510	1.000076	4.003586	0.00952222	39
8	17	11.199689	1	4204800	3.003512	1.000076	4.003588	0.0112202	39
8	18	11.199696	1	4204800	3.003510	1.000076	4.003586	0.00739138	39
8	19	11.199685	1	4204800	3.003513	1.000076	4.003589	0.00839021	39
16	0	7.472004	1	8409600	9.003850	1.000076	10.003926	0.00690812	39
16	1	7.472004	1	8409600	9.003850	1.000076	10.003926	0.00665267	39
16	2	7.472004	1	8409600	9.003850	1.000076	10.003926	0.00643055	39
16	3	7.472003	1	8409600	9.003851	1.000076	10.003927	0.00630838	39
16	4	7.472001	1	8409600	9.003853	1.000076	10.003929	0.00769666	39
16	5	7.472004	1	8409600	9.003850	1.000076	10.003926	0.0063417	39
16	6	7.472003	1	8409600	9.003851	1.000076	10.003927	0.00700807	39
16	7	20.993455	1	8409600	3.204656	1.000076	4.204732	0.0260867	39
16	8	7.472004	1	8409600	9.003850	1.000076	10.003926	0.00699697	39
16	9	7.472004	1	8409600	9.003850	1.000076	10.003926	0.00627506	39
16	10	7.472003	1	8409600	9.003851	1.000076	10.003927	0.00713024	39
16	11	7.472004	1	8409600	9.003850	1.000076	10.003926	0.00728573	39
16	12	7.472003	1	8409600	9.003851	1.000076	10.003927	0.00701918	39
16	13	7.472003	1	8409600	9.003851	1.000076	10.003927	0.00704139	39
16	14	7.472004	1	8409600	9.003850	1.000076	10.003926	0.00704139	39
16	15	7.472003	1	8409600	9.003851	1.000076	10.003927	0.00710803	39
16	16	7.472003	1	8409600	9.003851	1.000076	10.003927	0.00666378	39
16	17	7.472004	1	8409600	9.003850	1.000076	10.003926	0.00658603	39
16	18	7.472003	1	8409600	9.003851	1.000076	10.003927	0.00675263	39
16	19	164.726968	1	4204800	0.204207	1.000076	1.204283	0.001675	39
32	0	7.472595	1	16819200	18.006274	1.000076	19.006350	0.00741407	39
32	1	7.472596	1	16819200	18.006273	1.000076	19.006349	0.00728634	39
32	2	7.472596	1	16819200	18.006273	1.000076	19.006349	0.00778061	39
32	3	7.472595	1	16819200	18.006275	1.000076	19.006351	0.007614	39
32	4	7.472595	1	16819200	18.006274	1.000076	19.006350	0.00760289	39
32	5	7.472596	1	16819200	18.006273	1.000076	19.006349	0.00756957	39
32	6	7.472596	1	16819200	18.006273	1.000076	19.006349	0.007614	39
32	7	7.472595	1	16819200	18.006274	1.000076	19.006350	0.00779727	39
32	8	7.472628	1	16819200	18.006195	1.000076	19.006271	0.00749186	39
32	9	10.843895	1	16819200	12.408235	1.000076	13.408311	0.0109121	39
32	10	7.472596	1	16819200	18.006273	1.000076	19.006349	0.00810272	39
32	11	8.848781	1	16819200	15.205891	1.000076	16.205967	0.00924641	39
32	12	7.472596	1	16819200	18.006273	1.000076	19.006349	0.00722525	39
32	13	7.472596	1	16819200	18.006273	1.000076	19.006349	0.00782504	39
32	14	7.472596	1	16819200	18.006273	1.000076	19.006349	0.007925	39
32	15	7.472596	1	16819200	18.006273	1.000076	19.006349	0.00761956	39
32	16	7.472596	1	16819200	18.006273	1.000076	19.006349	0.00759179	39
32	17	7.472596	1	16819200	18.006273	1.000076	19.006349	0.00735298	39
32	18	7.472596	1	16819200	18.006273	1.000076	19.006349	0.00728634	39
32	19	7.472596	1	16819200	18.006273	1.000076	19.006349	0.00763066	39
48	0	7.852569	1	17870400	18.205915	1.000076	19.205991	0.00727	39
48	1	7.852568	1	17870400	18.205916	1.000076	19.205992	0.007075	39
48	2	7.852568	1	17870400	18.205916	1.000076	19.205992	0.007435	39
48	3	7.852569	1	17870400	18.205915	1.000076	19.205991	0.00723	39
48	4	7.852569	1	17870400	18.205915	1.000076	19.205991	0.007715	39
48	5	7.852569	1	17870400	18.205915	1.000076	19.205991	0.00724	39
48	6	7.852569	1	17870400	18.205915	1.000076	19.205991	0.007315	39
48	7	7.852569	1	17870400	18.205915	1.000076	19.205991	0.007225	39
48	8	7.852569	1	17870400	18.205915	1.000076	19.205991	0.007425	39
48	9	7.852569	1	17870400	18.205915	1.000076	19.205991	0.007575	39
48	10	7.852568	1	17870400	18.205916	1.000076	19.205992	0.007425	39
48	11	7.852567	1	17870400	18.205919	1.000076	19.205995	0.00742	39
48	12	7.852569	1	17870400	18.205915	1.000076	19.205991	0.007415	39
48	13	7.852586	1	17870400	18.205876	1.000076	19.205952	0.007135	39
48	14	7.852569	1	17870400	18.205915	1.000076	19.205991	0.0071	39
48	15	7.852569	1	17870400	18.205914	1.000076	19.205990	0.00735	39
48	16	7.852568	1	17870400	18.205918	1.000076	19.205994	0.00707	39
48	17	7.852568	1	17870400	18.205918	1.000076	19.205994	0.00744	39
48	18	7.852569	1	17870400	18.205915	1.000076	19.205991	0.0073	39
48	19	8.545255	1	19447200	18.206315	1.000076	19.206391	0.008515	39
64	0	7.852568	1	17870400	18.205918	1.000076	19.205994	0.00724	39
64	1	7.852586	1	17870400	18.205876	1.000076	19.205952	0.007575	39
64	2	7.852568	1	17870400	18.205916	1.000076	19.205992	0.00742	39
64	3	7.852569	1	17870400	18.205915	1.000076	19.205991	0.00743	39
64	4	9.236876	1	21024000	18.208753	1.000076	19.208829	0.008045	39
64	5	7.852569	1	17870400	18.205915	1.000076	19.205991	0.007445	39
64	6	7.852569	1	17870400	18.205915	1.000076	19.205991	0.00708	39
64	7	7.852553	1	17870400	18.205951	1.000076	19.206027	0.00744	39
64	8	7.852553	1	17870400	18.205951	1.000076	19.206027	0.00775	39
64	9	7.852569	1	17870400	18.205915	1.000076	19.205991	0.00713	39
64	10	7.852568	1	17870400	18.205916	1.000076	19.205992	0.00712	39
64	11	7.852568	1	17870400	18.205918	1.000076	19.205994	0.00742	39
64	12	7.852552	1	17870400	18.205953	1.000076	19.206029	0.007085	39
64	13	7.852568	1	17870400	18.205918	1.000076	19.205994	0.00729	39
64	14	7.852569	1	17870400	18.205915	1.000076	19.205991	0.007145	39
64	15	7.852568	1	17870400	18.205918	1.000076	19.205994	0.0076	39
64	16	9.594203	1	22075200	18.407116	1.000076	19.407192	0.010465	39
64	17	7.852551	1	17870400	18.205956	1.000076	19.206032	0.007385	39
64	18	7.852569	1	17870400	18.205915	1.000076	19.205991	0.006835	39
64	19	7.852569	1	17870400	18.205915	1.000076	19.205991	0.007285	39
